1
2
1
2
1
2
2
4
2
4
2
4
2
4
2
4
2
4
16
32
1
2
1
2
30
60
1
2
3
6
1
2
6
12
1
2
1
2
8
16
1
2
3
6
26
52
26
52
8
16
26
52
3
6
13
26
30
60
2
4
4
8
2
4
2
4
2
4
4
8
30
60
2
4
4
8
12
24
30
60
22
44
4
8
22
44
2
4
28
56
28
56
1
2
1
2
30
60
30
60
6
12
1
2
30
60
2
4
28
56
28
56
1
2
16
32
30
60
2
4
28
56
28
56
31
62
3
6
4
8
4
8
1
2
9
18
13
26
1
2
1
2
3
6
3
6
3
6
4
8
1
2
3
6
3
6
3
6
3
6
4
8
4
8
1
2
28
56
28
56
26
52
2
4
28
56
28
56
2
4
28
56
28
56
30
60
2
4
24
48
28
56
26
52
20
40
28
56
8
16
22
44
22
44
30
60
31
62
15
30
5
10
1
2
20
40
28
56
1
2
1
2
1
2
2
4
2
4
2
4
2
4
1
2
1
2
20
40
1
2
1
2
1
2
29
58
29
58
4
8
26
52
26
52
26
52
30
60
26
52
18
36
1
2
1
2
2
4
20
40
28
56
8
16
2
4
10
20
8
16
20
40
20
40
1
2
25
50
21
42
1
2
1
2
20
40
28
56
29
58
4
8
26
52
22
44
26
52
2
4
26
52
26
52
2
4
28
56
2
4
26
52
26
52
28
56
30
60
30
60
14
28
1
2
30
60
30
60
4
8
26
52
22
44
30
60
30
60
30
60
1
2
30
60
30
60
31
62
1
2
14
28
2
4
16
32
12
24
15
30
1
2
1
2
1
2
9
18
1
2
1
2
1
2
30
60
2
4
14
28
7
14
3
6
7
14
1
2
2
4
1
2
3
6
3
6
4
8
4
8
1
2
1
2
1
2
3
6
3
6
8
16
9
18
10
20
4
8
1
2
1
2
1
2
4
8
4
8
4
8
1
2
1
2
9
18
9
18
5
10
9
18
9
18
1
2
4
8
1
2
9
18
9
18
9
18
9
18
5
10
5
10
5
10
2
4
4
8
4
8
6
12
1
2
6
12
3
6
3
6
9
18
5
10
5
10
5
10
1
2
5
10
1
2
4
8
4
8
1
2
5
10
9
18
9
18
9
18
9
18
2
4
6
12
2
4
4
8
4
8
6
12
1
2
5
10
5
10
4
8
1
2
9
18
5
10
31
62
3
6
6
12
6
12
4
8
4
8
1
2
31
62
1
2
1
2
1
2
2
4
2
4
2
4
15
30
1
2
30
60
2
4
2
4
26
52
26
52
26
52
28
56
30
60
30
60
26
52
2
4
28
56
28
56
30
60
2
4
2
4
26
52
24
48
26
52
2
4
4
8
22
44
22
44
26
52
2
4
4
8
24
48
24
48
2
4
26
52
22
44
24
48
18
36
14
28
2
4
24
48
28
56
1
2
2
4
22
44
30
60
31
62
1
2
10
20
10
20
12
24
1
2
1
2
7
14
29
58
30
60
4
8
7
14
1
2
1
2
1
2
8
16
2
4
6
12
1
2
1
2
2
4
2
4
3
6
3
6
1
2
6
12
4
8
1
2
6
12
13
26
1
2
13
26
13
26
1
2
2
4
8
16
12
24
1
2
9
18
5
10
1
2
1
2
4
8
8
16
5
10
14
28
1
2
3
6
6
12
6
12
1
2
12
24
8
16
2
4
10
20
10
20
13
26
1
2
8
16
8
16
8
16
1
2
1
2
8
16
2
4
10
20
10
20
10
20
10
20
10
20
10
20
10
20
9
18
3
6
3
6
3
6
1
2
12
24
12
24
13
26
2
4
1
2
7
14
7
14
8
16
8
16
8
16
8
16
8
16
10
20
4
8
1
2
5
10
1
2
4
8
4
8
5
10
1
2
5
10
5
10
5
10
6
12
6
12
6
12
2
4
4
8
4
8
1
2
13
26
13
26
1
2
1
2
12
24
4
8
4
8
4
8
13
26
14
28
10
20
2
4
8
16
8
16
4
8
10
20
10
20
1
2
13
26
13
26
2
4
2
4
10
20
10
20
4
8
8
16
8
16
10
20
1
2
13
26
3
6
10
20
10
20
10
20
10
20
13
26
9
18
1
2
26
52
30
60
1
2
29
58
1
2
30
60
6
12
1
2
2
4
1
2
1
2
20
40
28
56
1
2
12
24
24
48
1
2
30
60
30
60
2
4
28
56
28
56
10
20
20
40
20
40
30
60
30
60
30
60
26
52
1
2
30
60
30
60
13
26
1
2
14
28
18
36
1
2
14
28
30
60
1
2
29
58
1
2
28
56
28
56
30
60
16
32
2
4
24
48
12
24
30
60
1
2
14
28
2
4
16
32
8
16
8
16
8
16
8
16
14
28
2
4
16
32
16
32
16
32
1
2
1
2
13
26
13
26
18
36
22
44
14
28
1
2
13
26
13
26
1
2
12
24
12
24
13
26
14
28
1
2
17
34
13
26
1
2
1
2
12
24
12
24
2
4
10
20
10
20
12
24
13
26
14
28
3
6
1
2
1
2
3
6
6
12
6
12
6
12
9
18
4
8
6
12
6
12
14
28
10
20
1
2
10
20
1
2
3
6
6
12
6
12
1
2
2
4
6
12
6
12
6
12
6
12
8
16
9
18
10
20
10
20
2
4
2
4
6
12
6
12
2
4
6
12
6
12
1
2
4
8
5
10
5
10
9
18
1
2
3
6
6
12
6
12
6
12
6
12
6
12
3
6
6
12
6
12
3
6
6
12
6
12
10
20
10
20
1
2
3
6
6
12
6
12
3
6
6
12
6
12
9
18
1
2
17
34
13
26
6
12
8
16
8
16
1
2
7
14
7
14
18
36
14
28
18
36
14
28
2
4
16
32
16
32
16
32
16
32
4
8
12
24
12
24
12
24
12
24
18
36
1
2
14
28
10
20
30
60
20
40
18
36
20
40
8
16
6
12
2
4
1
2
9
18
15
30
26
52
26
52
1
2
29
58
25
50
30
60
1
2
29
58
29
58
30
60
1
2
16
32
14
28
6
12
8
16
4
8
12
24
31
62
1
2
16
32
18
36
13
26
1
2
30
60
10
20
30
60
1
2
30
60
26
52
15
30
15
30
23
46
1
2
30
60
8
16
8
16
1
2
21
42
21
42
7
14
1
2
3
6
1
2
30
60
13
26
1
2
16
32
16
32
17
34
30
60
30
60
13
26
17
34
7
14
10
20
10
20
30
60
30
60
30
60
30
60
1
2
30
60
30
60
30
60
30
60
26
52
31
62
1
2
1
2
1
2
9
18
8
16
8
16
17
34
18
36
18
36
1
2
22
44
12
24
6
12
6
12
1
2
17
34
17
34
1
2
1
2
16
32
20
40
2
4
18
36
18
36
16
32
16
32
17
34
22
44
22
44
18
36
4
8
14
28
14
28
10
20
22
44
22
44
1
2
3
6
1
2
30
60
30
60
30
60
30
60
1
2
22
44
1
2
21
42
1
2
20
40
20
40
1
2
1
2
20
40
20
40
20
40
1
2
20
40
20
40
22
44
2
4
20
40
1
2
19
38
1
2
8
16
10
20
10
20
10
20
10
20
18
36
18
36
22
44
2
4
1
2
19
38
19
38
2
4
18
36
18
36
22
44
1
2
1
2
30
60
30
60
19
38
31
62
1
2
2
4
24
48
28
56
26
52
30
60
1
2
26
52
2
4
24
48
28
56
24
48
26
52
3
6
1
2
26
52
26
52
2
4
21
42
21
42
26
52
30
60
1
2
10
20
21
42
21
42
31
62
31
62
1
2
30
60
30
60
6
12
24
48
24
48
30
60
1
2
1
2
1
2
2
4
12
24
26
52
26
52
26
52
26
52
18
36
28
56
1
2
28
56
28
56
5
10
12
24
14
28
1
2
29
58
5
10
1
2
23
46
17
34
24
48
21
42
1
2
29
58
1
2
16
32
16
32
1
2
2
4
20
40
18
36
24
48
1
2
20
40
26
52
18
36
22
44
10
20
20
40
14
28
30
60
18
36
30
60
24
48
30
60
30
60
1
2
29
58
27
54
4
8
26
52
26
52
2
4
2
4
26
52
26
52
28
56
28
56
4
8
26
52
26
52
26
52
30
60
30
60
30
60
30
60
1
2
3
6
1
2
30
60
30
60
30
60
31
62
31
62
1
2
30
60
30
60
1
2
8
16
22
44
22
44
30
60
30
60
1
2
30
60
30
60
2
4
24
48
28
56
30
60
4
8
20
40
6
12
6
12
6
12
20
40
20
40
4
8
22
44
22
44
26
52
26
52
1
2
10
20
4
8
6
12
6
12
2
4
31
62
1
2
1
2
5
10
1
2
23
46
7
14
12
24
24
48
4
8
10
20
1
2
16
32
20
40
16
32
14
28
16
32
25
50
17
34
7
14
1
2
21
42
1
2
7
14
9
18
9
18
28
56
8
16
1
2
10
20
28
56
13
26
1
2
29
58
1
2
28
56
28
56
5
10
4
8
4
8
4
8
1
2
1
2
28
56
28
56
24
48
28
56
5
10
8
16
8
16
13
26
1
2
12
24
12
24
29
58
1
2
13
26
5
10
12
24
1
2
11
22
19
38
1
2
12
24
2
4
22
44
14
28
16
32
1
2
29
58
5
10
12
24
16
32
16
32
1
2
16
32
20
40
1
2
13
26
5
10
16
32
20
40
3
6
22
44
22
44
1
2
24
48
2
4
22
44
22
44
1
2
19
38
29
58
1
2
28
56
28
56
28
56
28
56
1
2
17
34
9
18
29
58
29
58
29
58
2
4
28
56
28
56
28
56
1
2
13
26
1
2
28
56
28
56
29
58
2
4
28
56
24
48
30
60
1
2
25
50
27
54
18
36
1
2
29
58
25
50
24
48
22
44
22
44
30
60
26
52
1
2
3
6
14
28
24
48
29
58
30
60
26
52
26
52
1
2
1
2
16
32
4
8
20
40
20
40
20
40
20
40
1
2
28
56
28
56
1
2
29
58
25
50
1
2
9
18
27
54
1
2
25
50
29
58
1
2
29
58
19
38
10
20
1
2
2
4
17
34
7
14
1
2
24
48
24
48
8
16
8
16
30
60
30
60
8
16
18
36
1
2
1
2
2
4
10
20
18
36
12
24
21
42
30
60
30
60
30
60
8
16
4
8
24
48
14
28
4
8
4
8
16
32
10
20
10
20
4
8
1
2
1
2
2
4
24
48
17
34
3
6
14
28
14
28
25
50
5
10
1
2
3
6
23
46
5
10
10
20
1
2
17
34
1
2
8
16
12
24
12
24
25
50
18
36
2
4
20
40
20
40
26
52
6
12
1
2
21
42
1
2
8
16
6
12
26
52
26
52
18
36
2
4
12
24
16
32
1
2
1
2
1
2
15
30
5
10
12
24
12
24
14
28
17
34
1
2
17
34
21
42
1
2
3
6
3
6
21
42
8
16
18
36
2
4
26
52
24
48
8
16
4
8
10
20
1
2
6
12
4
8
4
8
22
44
1
2
27
54
1
2
31
62
1
2
30
60
28
56
3
6
28
56
28
56
1
2
30
60
30
60
30
60
4
8
26
52
26
52
26
52
26
52
1
2
9
18
1
2
1
2
4
8
2
4
2
4
2
4
31
62
1
2
1
2
29
58
29
58
4
8
26
52
26
52
30
60
30
60
4
8
26
52
26
52
26
52
30
60
31
62
31
62
7
14
1
2
15
30
31
62
11
22
1
2
30
60
30
60
1
2
8
16
30
60
8
16
1
2
30
60
30
60
30
60
28
56
31
62
31
62
1
2
3
6
1
2
30
60
30
60
1
2
1
2
29
58
29
58
30
60
30
60
1
2
24
48
30
60
30
60
32
64
1
2
1
2
2
4
28
56
28
56
5
10
25
50
25
50
4
8
21
42
25
50
1
2
1
2
30
60
30
60
31
62
1
2
30
60
30
60
30
60
30
60
1
2
2
4
1
2
21
42
27
54
26
52
30
60
1
2
3
6
31
62
31
62
1
2
1
2
7
14
1
2
2
4
4
8
1
2
3
6
3
6
6
12
7
14
2
4
5
10
23
46
23
46
4
8
24
48
24
48
4
8
24
48
24
48
8
16
10
20
12
24
8
16
8
16
1
2
30
60
24
48
4
8
28
56
30
60
12
24
1
2
1
2
1
2
26
52
28
56
1
2
28
56
28
56
22
44
22
44
24
48
16
32
23
46
29
58
29
58
1
2
1
2
12
24
24
48
7
14
22
44
22
44
21
42
29
58
23
46
1
2
28
56
28
56
29
58
1
2
16
32
26
52
27
54
29
58
1
2
29
58
25
50
1
2
16
32
2
4
2
4
16
32
20
40
26
52
26
52
25
50
29
58
1
2
25
50
1
2
28
56
24
48
28
56
25
50
1
2
20
40
28
56
13
26
1
2
2
4
26
52
26
52
28
56
14
28
14
28
14
28
14
28
1
2
26
52
28
56
29
58
1
2
27
54
1
2
1
2
27
54
1
2
26
52
26
52
5
10
5
10
5
10
23
46
25
50
1
2
12
24
26
52
27
54
1
2
19
38
27
54
23
46
6
12
22
44
22
44
1
2
27
54
17
34
1
2
6
12
20
40
20
40
24
48
28
56
28
56
28
56
28
56
1
2
19
38
27
54
1
2
4
8
2
4
12
24
12
24
12
24
14
28
6
12
12
24
16
32
5
10
1
2
20
40
20
40
20
40
21
42
24
48
22
44
4
8
22
44
22
44
26
52
1
2
17
34
1
2
26
52
26
52
26
52
19
38
9
18
9
18
1
2
11
22
15
30
13
26
1
2
20
40
20
40
1
2
26
52
26
52
24
48
20
40
28
56
8
16
20
40
20
40
2
4
22
44
4
8
22
44
22
44
2
4
24
48
1
2
25
50
23
46
1
2
25
50
1
2
26
52
26
52
28
56
1
2
21
42
27
54
27
54
1
2
1
2
26
52
26
52
1
2
26
52
6
12
16
32
16
32
2
4
24
48
26
52
1
2
25
50
23
46
1
2
25
50
1
2
26
52
26
52
28
56
2
4
26
52
26
52
28
56
28
56
16
32
28
56
6
12
22
44
22
44
26
52
4
8
1
2
11
22
21
42
2
4
2
4
1
2
22
44
12
24
10
20
10
20
8
16
1
2
23
46
23
46
11
22
12
24
1
2
19
38
5
10
17
34
17
34
24
48
16
32
6
12
16
32
1
2
19
38
19
38
10
20
16
32
24
48
4
8
16
32
20
40
1
2
1
2
15
30
15
30
16
32
1
2
16
32
16
32
16
32
1
2
24
48
28
56
1
2
17
34
25
50
1
2
20
40
20
40
20
40
20
40
1
2
19
38
19
38
20
40
20
40
20
40
20
40
1
2
20
40
6
12
14
28
14
28
1
2
19
38
1
2
18
36
18
36
18
36
20
40
1
2
25
50
25
50
25
50
1
2
20
40
24
48
24
48
24
48
2
4
22
44
22
44
24
48
25
50
1
2
29
58
1
2
2
4
26
52
26
52
28
56
1
2
28
56
28
56
1
2
1
2
24
48
28
56
29
58
1
2
28
56
1
2
1
2
26
52
26
52
1
2
26
52
26
52
26
52
28
56
27
54
1
2
29
58
29
58
25
50
1
2
28
56
28
56
1
2
29
58
29
58
1
2
26
52
28
56
1
2
19
38
29
58
27
54
1
2
26
52
28
56
1
2
1
2
28
56
28
56
28
56
28
56
8
16
18
36
18
36
18
36
4
8
22
44
16
32
1
2
5
10
11
22
29
58
1
2
28
56
28
56
1
2
29
58
1
2
28
56
28
56
28
56
1
2
28
56
28
56
28
56
1
2
29
58
29
58
1
2
29
58
1
2
28
56
28
56
28
56
1
2
29
58
29
58
1
2
29
58
27
54
29
58
29
58
1
2
29
58
27
54
3
6
26
52
26
52
1
2
1
2
24
48
24
48
26
52
29
58
1
2
28
56
28
56
1
2
27
54
29
58
30
60
28
56
30
60
1
2
23
46
29
58
14
28
28
56
26
52
20
40
24
48
30
60
18
36
12
24
12
24
30
60
12
24
30
60
1
2
29
58
29
58
29
58
29
58
29
58
30
60
2
4
24
48
24
48
24
48
28
56
1
2
29
58
17
34
30
60
26
52
26
52
2
4
28
56
28
56
1
2
29
58
29
58
29
58
29
58
30
60
2
4
28
56
28
56
10
20
16
32
16
32
28
56
28
56
28
56
28
56
28
56
2
4
28
56
28
56
22
44
1
2
29
58
1
2
12
24
16
32
16
32
28
56
26
52
30
60
1
2
3
6
20
40
26
52
29
58
1
2
26
52
28
56
18
36
30
60
30
60
30
60
28
56
28
56
2
4
28
56
26
52
1
2
29
58
1
2
24
48
28
56
30
60
26
52
1
2
1
2
28
56
28
56
2
4
27
54
3
6
24
48
24
48
30
60
30
60
30
60
30
60
30
60
30
60
30
60
4
8
2
4
24
48
24
48
1
2
1
2
24
48
24
48
12
24
17
34
18
36
26
52
26
52
24
48
26
52
10
20
16
32
2
4
14
28
14
28
23
46
19
38
1
2
29
58
29
58
31
62
31
62
1
2
31
62
31
62
1
2
31
62
1
2
30
60
30
60
30
60
30
60
1
2
26
52
28
56
2
4
2
4
4
8
22
44
30
60
1
2
2
4
28
56
28
56
30
60
26
52
31
62
1
2
1
2
1
2
1
2
27
54
27
54
28
56
28
56
1
2
10
20
12
24
1
2
7
14
22
44
22
44
29
58
1
2
29
58
1
2
4
8
22
44
20
40
16
32
16
32
2
4
28
56
28
56
1
2
1
2
28
56
28
56
28
56
28
56
4
8
24
48
24
48
21
42
22
44
30
60
30
60
30
60
30
60
1
2
1
2
28
56
28
56
29
58
30
60
30
60
26
52
2
4
28
56
28
56
28
56
2
4
28
56
26
52
2
4
2
4
28
56
28
56
30
60
16
32
30
60
26
52
30
60
30
60
30
60
6
12
24
48
24
48
24
48
4
8
26
52
26
52
1
2
1
2
2
4
22
44
31
62
31
62
1
2
4
8
26
52
26
52
26
52
30
60
26
52
32
64
8
16
14
28
10
20
10
20
24
48
2
4
30
60
4
8
26
52
26
52
1
2
5
10
1
2
14
28
1
2
13
26
17
34
2
4
8
16
12
24
18
36
10
20
2
4
30
60
30
60
10
20
2
4
30
60
30
60
2
4
30
60
30
60
1
2
15
30
13
26
1
2
1
2
30
60
30
60
30
60
1
2
1
2
21
42
3
6
26
52
26
52
1
2
28
56
24
48
28
56
28
56
28
56
28
56
23
46
29
58
24
48
30
60
1
2
1
2
28
56
26
52
23
46
29
58
21
42
28
56
30
60
1
2
27
54
27
54
13
26
12
24
6
12
10
20
10
20
30
60
1
2
29
58
29
58
30
60
1
2
25
50
29
58
30
60
30
60
30
60
2
4
28
56
28
56
30
60
30
60
12
24
30
60
30
60
18
36
30
60
1
2
3
6
1
2
30
60
30
60
1
2
1
2
11
22
17
34
1
2
1
2
2
4
12
24
10
20
10
20
16
32
15
30
13
26
18
36
29
58
31
62
1
2
31
62
15
30
28
56
4
8
4
8
6
12
32
64
32
64
1
2
2
4
1
2
25
50
1
2
14
28
1
2
21
42
13
26
18
36
26
52
1
2
1
2
29
58
1
2
28
56
2
4
26
52
2
4
24
48
24
48
24
48
30
60
20
40
4
8
28
56
28
56
28
56
28
56
1
2
31
62
31
62
1
2
1
2
1
2
2
4
22
44
26
52
1
2
27
54
3
6
24
48
24
48
1
2
27
54
27
54
27
54
2
4
1
2
25
50
25
50
26
52
22
44
26
52
26
52
26
52
24
48
2
4
22
44
24
48
22
44
4
8
18
36
22
44
2
4
26
52
26
52
26
52
24
48
26
52
1
2
23
46
1
2
2
4
24
48
24
48
26
52
2
4
24
48
20
40
24
48
24
48
27
54
1
2
1
2
26
52
26
52
22
44
23
46
28
56
2
4
2
4
24
48
24
48
26
52
1
2
1
2
26
52
26
52
24
48
26
52
27
54
1
2
1
2
26
52
26
52
26
52
26
52
27
54
1
2
1
2
3
6
23
46
23
46
26
52
26
52
27
54
25
50
28
56
1
2
27
54
27
54
1
2
27
54
27
54
1
2
1
2
22
44
22
44
1
2
26
52
26
52
28
56
28
56
28
56
1
2
27
54
27
54
1
2
2
4
25
50
25
50
27
54
26
52
28
56
24
48
28
56
1
2
27
54
27
54
28
56
28
56
28
56
28
56
1
2
23
46
23
46
2
4
26
52
26
52
28
56
2
4
26
52
24
48
22
44
26
52
2
4
24
48
10
20
14
28
14
28
26
52
26
52
2
4
26
52
24
48
26
52
1
2
1
2
2
4
24
48
22
44
26
52
1
2
24
48
26
52
26
52
2
4
22
44
22
44
26
52
26
52
28
56
28
56
1
2
27
54
27
54
28
56
28
56
28
56
2
4
26
52
26
52
4
8
24
48
24
48
24
48
24
48
28
56
2
4
26
52
22
44
28
56
2
4
26
52
22
44
4
8
24
48
24
48
2
4
10
20
16
32
16
32
26
52
24
48
28
56
1
2
28
56
28
56
1
2
1
2
26
52
26
52
1
2
26
52
26
52
27
54
27
54
28
56
28
56
2
4
26
52
22
44
1
2
27
54
27
54
2
4
26
52
26
52
24
48
28
56
28
56
28
56
24
48
2
4
26
52
24
48
28
56
28
56
2
4
26
52
26
52
2
4
26
52
26
52
2
4
24
48
26
52
28
56
1
2
27
54
23
46
28
56
2
4
22
44
26
52
26
52
28
56
28
56
1
2
27
54
27
54
25
50
26
52
28
56
2
4
26
52
26
52
28
56
1
2
1
2
27
54
27
54
28
56
2
4
26
52
26
52
26
52
26
52
26
52
2
4
26
52
26
52
28
56
2
4
26
52
1
2
25
50
25
50
26
52
1
2
27
54
27
54
27
54
27
54
28
56
28
56
28
56
26
52
28
56
2
4
26
52
26
52
28
56
26
52
28
56
28
56
1
2
27
54
23
46
28
56
2
4
26
52
26
52
26
52
2
4
26
52
26
52
2
4
26
52
26
52
26
52
24
48
1
2
27
54
27
54
28
56
24
48
28
56
28
56
28
56
2
4
26
52
26
52
26
52
26
52
1
2
27
54
23
46
28
56
28
56
24
48
3
6
1
2
24
48
24
48
4
8
20
40
20
40
25
50
2
4
26
52
26
52
29
58
1
2
1
2
27
54
1
2
26
52
24
48
1
2
27
54
27
54
1
2
1
2
26
52
24
48
1
2
24
48
22
44
2
4
26
52
26
52
2
4
2
4
24
48
24
48
3
6
23
46
21
42
26
52
1
2
27
54
1
2
18
36
26
52
28
56
2
4
26
52
26
52
28
56
24
48
1
2
27
54
1
2
22
44
26
52
26
52
28
56
1
2
27
54
25
50
2
4
26
52
26
52
28
56
28
56
1
2
1
2
26
52
2
4
24
48
24
48
27
54
27
54
28
56
28
56
28
56
28
56
2
4
26
52
26
52
2
4
26
52
26
52
2
4
26
52
26
52
26
52
28
56
28
56
2
4
26
52
26
52
26
52
26
52
26
52
26
52
26
52
26
52
2
4
1
2
25
50
25
50
24
48
26
52
26
52
26
52
24
48
26
52
28
56
2
4
26
52
22
44
26
52
24
48
26
52
26
52
28
56
1
2
27
54
27
54
1
2
1
2
25
50
25
50
26
52
26
52
2
4
2
4
20
40
24
48
26
52
26
52
28
56
28
56
2
4
26
52
26
52
2
4
26
52
26
52
22
44
26
52
22
44
2
4
1
2
25
50
21
42
26
52
26
52
2
4
26
52
26
52
24
48
26
52
26
52
26
52
2
4
26
52
26
52
1
2
1
2
26
52
26
52
27
54
28
56
28
56
1
2
1
2
24
48
26
52
24
48
1
2
26
52
26
52
26
52
26
52
28
56
1
2
27
54
1
2
2
4
24
48
24
48
26
52
2
4
24
48
26
52
28
56
24
48
1
2
27
54
27
54
1
2
1
2
24
48
26
52
1
2
26
52
26
52
2
4
26
52
26
52
2
4
22
44
26
52
1
2
27
54
1
2
26
52
26
52
26
52
1
2
26
52
26
52
26
52
26
52
1
2
26
52
26
52
28
56
28
56
28
56
28
56
28
56
28
56
28
56
24
48
2
4
24
48
24
48
28
56
2
4
26
52
22
44
2
4
1
2
25
50
25
50
26
52
3
6
25
50
25
50
28
56
24
48
28
56
28
56
28
56
28
56
28
56
2
4
28
56
28
56
1
2
1
2
28
56
28
56
28
56
2
4
26
52
2
4
24
48
24
48
26
52
28
56
26
52
28
56
28
56
2
4
26
52
26
52
26
52
28
56
28
56
28
56
28
56
26
52
28
56
1
2
28
56
28
56
24
48
2
4
26
52
26
52
28
56
28
56
28
56
28
56
26
52
28
56
28
56
28
56
1
2
1
2
28
56
24
48
26
52
28
56
28
56
28
56
28
56
28
56
26
52
24
48
28
56
24
48
28
56
28
56
26
52
1
2
1
2
27
54
27
54
2
4
26
52
26
52
28
56
1
2
27
54
23
46
28
56
28
56
2
4
26
52
26
52
28
56
28
56
28
56
28
56
28
56
1
2
27
54
27
54
28
56
28
56
2
4
26
52
26
52
28
56
28
56
28
56
28
56
28
56
28
56
28
56
28
56
28
56
28
56
2
4
24
48
26
52
1
2
1
2
1
2
27
54
27
54
28
56
28
56
28
56
1
2
2
4
23
46
25
50
27
54
26
52
2
4
26
52
4
8
22
44
22
44
24
48
1
2
1
2
26
52
26
52
1
2
26
52
18
36
28
56
1
2
23
46
23
46
28
56
28
56
28
56
1
2
27
54
27
54
28
56
28
56
28
56
28
56
28
56
2
4
26
52
26
52
2
4
26
52
26
52
28
56
28
56
28
56
2
4
26
52
2
4
24
48
24
48
1
2
1
2
26
52
26
52
23
46
28
56
28
56
1
2
28
56
28
56
1
2
27
54
27
54
2
4
26
52
26
52
28
56
28
56
28
56
1
2
27
54
27
54
28
56
24
48
28
56
28
56
28
56
28
56
28
56
28
56
28
56
28
56
26
52
26
52
28
56
1
2
1
2
28
56
28
56
26
52
24
48
28
56
28
56
28
56
1
2
27
54
23
46
28
56
28
56
28
56
2
4
26
52
26
52
28
56
2
4
26
52
26
52
28
56
1
2
24
48
5
10
23
46
23
46
2
4
26
52
24
48
28
56
24
48
2
4
26
52
26
52
28
56
32
64
1
2
7
14
24
48
2
4
12
24
1
2
5
10
1
2
10
20
10
20
12
24
1
2
2
4
28
56
28
56
22
44
20
40
1
2
22
44
30
60
30
60
1
2
1
2
1
2
28
56
24
48
26
52
1
2
28
56
28
56
30
60
1
2
27
54
29
58
2
4
4
8
24
48
24
48
28
56
28
56
1
2
1
2
28
56
28
56
29
58
2
4
28
56
28
56
2
4
26
52
2
4
16
32
8
16
2
4
6
12
6
12
16
32
8
16
8
16
24
48
26
52
24
48
26
52
24
48
26
52
28
56
26
52
1
2
29
58
29
58
29
58
1
2
28
56
28
56
1
2
29
58
29
58
30
60
1
2
29
58
1
2
28
56
28
56
28
56
29
58
29
58
1
2
1
2
28
56
28
56
26
52
28
56
1
2
28
56
24
48
27
54
1
2
29
58
29
58
30
60
30
60
30
60
30
60
1
2
29
58
29
58
30
60
28
56
30
60
2
4
28
56
28
56
30
60
30
60
1
2
29
58
29
58
30
60
30
60
30
60
30
60
26
52
30
60
30
60
26
52
30
60
30
60
2
4
1
2
1
2
22
44
26
52
1
2
22
44
26
52
28
56
2
4
26
52
26
52
28
56
2
4
2
4
2
4
8
16
16
32
16
32
24
48
26
52
2
4
26
52
26
52
2
4
26
52
28
56
2
4
14
28
14
28
14
28
14
28
28
56
8
16
22
44
22
44
2
4
28
56
10
20
18
36
18
36
28
56
30
60
1
2
29
58
29
58
3
6
26
52
24
48
26
52
30
60
14
28
16
32
16
32
30
60
30
60
30
60
30
60
28
56
2
4
30
60
30
60
16
32
32
64
2
4
30
60
1
2
1
2
28
56
26
52
29
58
1
2
25
50
11
22
18
36
18
36
29
58
11
22
18
36
18
36
7
14
22
44
22
44
22
44
1
2
25
50
29
58
29
58
1
2
29
58
1
2
28
56
28
56
28
56
2
4
26
52
26
52
26
52
10
20
18
36
18
36
28
56
28
56
28
56
28
56
29
58
2
4
28
56
28
56
28
56
1
2
1
2
26
52
4
8
22
44
22
44
25
50
28
56
28
56
10
20
16
32
6
12
14
28
14
28
30
60
1
2
25
50
1
2
28
56
28
56
30
60
30
60
30
60
1
2
29
58
29
58
30
60
2
4
28
56
28
56
28
56
2
4
28
56
2
4
22
44
26
52
30
60
1
2
29
58
29
58
30
60
28
56
30
60
30
60
28
56
30
60
28
56
26
52
1
2
1
2
1
2
1
2
16
32
16
32
16
32
16
32
17
34
8
16
10
20
10
20
1
2
1
2
29
58
1
2
24
48
28
56
28
56
29
58
29
58
1
2
28
56
24
48
1
2
29
58
25
50
1
2
27
54
29
58
1
2
29
58
29
58
29
58
1
2
28
56
28
56
28
56
28
56
28
56
29
58
1
2
29
58
1
2
1
2
23
46
1
2
26
52
26
52
27
54
27
54
1
2
22
44
22
44
28
56
1
2
27
54
1
2
18
36
24
48
27
54
2
4
26
52
26
52
4
8
22
44
20
40
22
44
22
44
28
56
2
4
26
52
26
52
2
4
26
52
26
52
28
56
2
4
26
52
26
52
28
56
28
56
28
56
24
48
26
52
26
52
4
8
2
4
22
44
22
44
24
48
22
44
22
44
24
48
24
48
1
2
2
4
24
48
22
44
26
52
28
56
1
2
29
58
1
2
2
4
24
48
26
52
28
56
1
2
7
14
20
40
10
20
25
50
20
40
26
52
28
56
1
2
1
2
26
52
22
44
4
8
22
44
18
36
27
54
28
56
28
56
1
2
27
54
1
2
22
44
26
52
26
52
1
2
27
54
27
54
2
4
26
52
26
52
28
56
1
2
25
50
27
54
4
8
1
2
23
46
21
42
20
40
2
4
14
28
18
36
2
4
16
32
16
32
4
8
18
36
18
36
21
42
21
42
29
58
1
2
25
50
13
26
12
24
6
12
6
12
6
12
30
60
1
2
29
58
25
50
29
58
29
58
1
2
29
58
1
2
28
56
28
56
28
56
1
2
25
50
1
2
24
48
28
56
1
2
28
56
28
56
25
50
1
2
1
2
28
56
28
56
29
58
1
2
28
56
26
52
29
58
1
2
1
2
2
4
24
48
14
28
4
8
22
44
22
44
28
56
18
36
26
52
24
48
28
56
1
2
28
56
24
48
2
4
18
36
2
4
26
52
26
52
26
52
6
12
18
36
18
36
2
4
22
44
20
40
24
48
22
44
24
48
1
2
23
46
21
42
26
52
4
8
22
44
22
44
28
56
28
56
24
48
2
4
22
44
24
48
28
56
28
56
6
12
18
36
22
44
1
2
29
58
29
58
1
2
27
54
29
58
29
58
1
2
25
50
29
58
22
44
1
2
29
58
29
58
25
50
29
58
30
60
2
4
28
56
24
48
30
60
1
2
25
50
29
58
29
58
1
2
1
2
16
32
28
56
29
58
1
2
29
58
29
58
30
60
2
4
28
56
28
56
30
60
1
2
27
54
27
54
30
60
1
2
29
58
29
58
29
58
1
2
29
58
29
58
28
56
1
2
27
54
27
54
2
4
24
48
28
56
30
60
30
60
30
60
1
2
27
54
29
58
4
8
26
52
26
52
26
52
26
52
26
52
6
12
26
52
26
52
32
64
1
2
1
2
3
6
5
10
1
2
2
4
20
40
20
40
26
52
24
48
20
40
1
2
4
8
6
12
1
2
5
10
5
10
7
14
1
2
31
62
1
2
26
52
14
28
1
2
30
60
30
60
30
60
23
46
31
62
1
2
1
2
10
20
16
32
20
40
20
40
30
60
30
60
31
62
1
2
30
60
1
2
29
58
13
26
4
8
2
4
1
2
15
30
15
30
16
32
16
32
4
8
18
36
18
36
26
52
1
2
22
44
30
60
1
2
26
52
2
4
28
56
12
24
2
4
8
16
8
16
16
32
6
12
24
48
24
48
1
2
12
24
30
60
2
4
1
2
23
46
27
54
31
62
1
2
31
62
1
2
6
12
30
60
30
60
26
52
1
2
1
2
30
60
16
32
16
32
1
2
3
6
1
2
1
2
4
8
1
2
1
2
18
36
4
8
4
8
4
8
31
62
2
4
4
8
4
8
2
4
30
60
30
60
32
64
10
20
2
4
20
40
20
40
22
44
1
2
3
6
19
38
2
4
4
8
4
8
30
60
2
4
28
56
26
52
26
52
1
2
3
6
1
2
30
60
24
48
30
60
30
60
20
40
1
2
1
2
1
2
28
56
28
56
1
2
28
56
28
56
1
2
28
56
28
56
29
58
30
60
1
2
29
58
29
58
1
2
29
58
29
58
1
2
28
56
28
56
29
58
1
2
1
2
28
56
28
56
1
2
1
2
25
50
1
2
26
52
26
52
24
48
28
56
4
8
24
48
24
48
28
56
2
4
26
52
2
4
16
32
4
8
20
40
20
40
20
40
20
40
18
36
26
52
4
8
22
44
22
44
2
4
22
44
2
4
24
48
24
48
4
8
22
44
22
44
1
2
27
54
27
54
28
56
4
8
24
48
24
48
6
12
22
44
22
44
28
56
28
56
24
48
28
56
26
52
28
56
2
4
24
48
26
52
1
2
23
46
4
8
1
2
27
54
28
56
28
56
4
8
24
48
20
40
29
58
29
58
29
58
1
2
1
2
24
48
2
4
26
52
26
52
26
52
2
4
2
4
24
48
24
48
2
4
24
48
22
44
5
10
19
38
2
4
2
4
2
4
2
4
1
2
20
40
20
40
22
44
26
52
28
56
28
56
28
56
26
52
1
2
28
56
28
56
29
58
2
4
26
52
28
56
28
56
8
16
20
40
20
40
1
2
1
2
26
52
2
4
24
48
24
48
6
12
20
40
20
40
27
54
28
56
28
56
24
48
4
8
24
48
24
48
1
2
25
50
1
2
28
56
28
56
29
58
1
2
29
58
1
2
28
56
28
56
25
50
4
8
4
8
27
54
1
2
27
54
29
58
28
56
1
2
29
58
29
58
29
58
29
58
1
2
1
2
28
56
28
56
2
4
26
52
24
48
1
2
23
46
27
54
28
56
10
20
18
36
18
36
28
56
28
56
28
56
28
56
28
56
28
56
28
56
25
50
29
58
1
2
1
2
28
56
28
56
2
4
26
52
2
4
24
48
24
48
26
52
28
56
28
56
29
58
17
34
12
24
12
24
1
2
1
2
28
56
2
4
24
48
24
48
26
52
26
52
2
4
26
52
26
52
16
32
6
12
6
12
2
4
24
48
26
52
2
4
26
52
2
4
20
40
24
48
24
48
26
52
4
8
22
44
22
44
28
56
28
56
28
56
29
58
1
2
26
52
28
56
29
58
29
58
1
2
1
2
28
56
28
56
29
58
30
60
1
2
1
2
28
56
28
56
29
58
29
58
1
2
29
58
29
58
29
58
26
52
1
2
29
58
29
58
1
2
1
2
1
2
27
54
25
50
28
56
22
44
26
52
1
2
28
56
28
56
1
2
1
2
28
56
28
56
24
48
28
56
28
56
29
58
28
56
1
2
29
58
1
2
28
56
28
56
30
60
2
4
28
56
28
56
1
2
1
2
28
56
28
56
29
58
1
2
29
58
29
58
1
2
29
58
29
58
30
60
30
60
30
60
30
60
1
2
29
58
29
58
30
60
26
52
30
60
30
60
1
2
1
2
28
56
28
56
29
58
29
58
30
60
30
60
1
2
29
58
29
58
30
60
30
60
30
60
26
52
1
2
29
58
29
58
30
60
1
2
29
58
1
2
24
48
28
56
1
2
27
54
27
54
24
48
28
56
2
4
2
4
24
48
26
52
24
48
2
4
26
52
24
48
2
4
28
56
28
56
30
60
30
60
4
8
24
48
22
44
26
52
30
60
30
60
30
60
28
56
30
60
30
60
30
60
30
60
30
60
1
2
29
58
29
58
30
60
3
6
27
54
27
54
24
48
30
60
30
60
30
60
24
48
2
4
1
2
29
58
29
58
1
2
5
10
24
48
24
48
3
6
26
52
26
52
30
60
1
2
1
2
28
56
24
48
29
58
2
4
28
56
28
56
8
16
20
40
20
40
28
56
28
56
30
60
1
2
29
58
29
58
30
60
2
4
2
4
26
52
6
12
20
40
18
36
28
56
1
2
29
58
1
2
28
56
28
56
24
48
30
60
30
60
3
6
27
54
27
54
30
60
28
56
30
60
30
60
30
60
30
60
2
4
28
56
2
4
26
52
26
52
26
52
26
52
28
56
30
60
1
2
29
58
29
58
30
60
30
60
32
64
4
8
12
24
2
4
1
2
25
50
29
58
28
56
28
56
2
4
28
56
28
56
1
2
5
10
22
44
24
48
25
50
27
54
26
52
2
4
2
4
26
52
26
52
2
4
24
48
26
52
28
56
30
60
30
60
30
60
30
60
30
60
28
56
1
2
29
58
29
58
30
60
30
60
30
60
30
60
4
8
26
52
22
44
1
2
27
54
3
6
2
4
2
4
2
4
11
22
13
26
31
62
1
2
30
60
30
60
1
2
8
16
8
16
1
2
13
26
13
26
5
10
7
14
5
10
1
2
25
50
1
2
2
4
2
4
26
52
8
16
18
36
18
36
8
16
4
8
6
12
4
8
20
40
20
40
24
48
10
20
20
40
1
2
19
38
19
38
30
60
1
2
5
10
1
2
14
28
22
44
2
4
4
8
10
20
31
62
31
62
21
42
2
4
30
60
30
60
30
60
2
4
30
60
2
4
24
48
28
56
32
64
1
2
31
62
31
62
7
14
28
56
1
2
31
62
31
62
1
2
4
8
10
20
10
20
4
8
8
16
8
16
8
16
8
16
4
8
8
16
8
16
8
16
8
16
2
4
30
60
30
60
4
8
28
56
28
56
32
64
32
64
1
2
3
6
31
62
7
14
1
2
9
18
1
2
4
8
8
16
4
8
4
8
4
8
2
4
2
4
6
12
1
2
5
10
5
10
5
10
31
62
5
10
1
2
3
6
28
56
28
56
11
22
25
50
31
62
1
2
28
56
1
2
11
22
29
58
32
64
24
48
28
56
1
2
31
62
31
62
1
2
30
60
4
8
2
4
22
44
28
56
28
56
22
44
4
8
20
40
4
8
2
4
4
8
12
24
30
60
1
2
19
38
25
50
1
2
1
2
30
60
28
56
30
60
1
2
1
2
1
2
28
56
28
56
1
2
28
56
28
56
29
58
1
2
29
58
29
58
29
58
28
56
1
2
29
58
1
2
28
56
28
56
2
4
22
44
26
52
24
48
24
48
29
58
2
4
28
56
28
56
2
4
26
52
28
56
30
60
1
2
29
58
29
58
30
60
2
4
28
56
8
16
20
40
20
40
2
4
28
56
28
56
28
56
2
4
28
56
28
56
2
4
2
4
26
52
24
48
24
48
30
60
30
60
30
60
30
60
30
60
30
60
30
60
30
60
30
60
30
60
30
60
30
60
30
60
26
52
30
60
1
2
29
58
29
58
2
4
26
52
28
56
26
52
30
60
30
60
30
60
30
60
30
60
30
60
2
4
28
56
2
4
22
44
26
52
26
52
26
52
28
56
2
4
28
56
1
2
27
54
23
46
28
56
24
48
28
56
28
56
28
56
3
6
23
46
25
50
2
4
28
56
2
4
26
52
26
52
28
56
28
56
28
56
2
4
28
56
28
56
28
56
28
56
28
56
2
4
28
56
28
56
28
56
30
60
30
60
30
60
30
60
26
52
1
2
29
58
29
58
30
60
4
8
26
52
26
52
30
60
2
4
28
56
28
56
2
4
24
48
28
56
30
60
30
60
3
6
27
54
27
54
10
20
20
40
20
40
2
4
1
2
29
58
29
58
1
2
1
2
28
56
28
56
29
58
25
50
30
60
26
52
30
60
30
60
2
4
26
52
28
56
28
56
30
60
30
60
30
60
1
2
1
2
28
56
28
56
28
56
2
4
27
54
27
54
2
4
28
56
28
56
30
60
30
60
2
4
28
56
28
56
28
56
26
52
30
60
2
4
28
56
28
56
30
60
30
60
30
60
28
56
30
60
28
56
30
60
2
4
1
2
1
2
28
56
26
52
29
58
5
10
22
44
24
48
29
58
1
2
29
58
1
2
28
56
28
56
29
58
29
58
1
2
1
2
1
2
27
54
1
2
22
44
26
52
1
2
27
54
27
54
28
56
28
56
28
56
28
56
28
56
28
56
1
2
27
54
25
50
28
56
28
56
28
56
1
2
2
4
26
52
26
52
28
56
2
4
28
56
28
56
4
8
24
48
24
48
28
56
28
56
2
4
26
52
26
52
4
8
20
40
24
48
26
52
28
56
24
48
1
2
1
2
2
4
26
52
24
48
28
56
2
4
26
52
26
52
26
52
28
56
28
56
4
8
24
48
24
48
28
56
28
56
28
56
29
58
2
4
8
16
20
40
20
40
2
4
26
52
26
52
4
8
22
44
22
44
22
44
28
56
28
56
28
56
26
52
30
60
28
56
2
4
28
56
26
52
28
56
1
2
29
58
29
58
1
2
1
2
1
2
25
50
23
46
24
48
2
4
26
52
22
44
28
56
28
56
29
58
5
10
24
48
24
48
1
2
29
58
1
2
2
4
26
52
2
4
24
48
24
48
2
4
26
52
22
44
28
56
1
2
26
52
28
56
29
58
2
4
26
52
28
56
26
52
28
56
28
56
1
2
1
2
28
56
28
56
2
4
26
52
26
52
2
4
24
48
26
52
29
58
30
60
30
60
30
60
30
60
30
60
2
4
28
56
28
56
28
56
28
56
30
60
30
60
2
4
14
28
14
28
10
20
28
56
24
48
28
56
30
60
5
10
25
50
21
42
30
60
3
6
27
54
27
54
28
56
30
60
30
60
30
60
30
60
30
60
1
2
25
50
29
58
30
60
30
60
30
60
1
2
29
58
29
58
1
2
29
58
29
58
26
52
30
60
4
8
26
52
24
48
37b505460c4601f09ffa094b09481d60094b00211c6006f02dfd022300930749
DEBUG match node pattern b 55 p 0 v False
DEBUG match node pattern b 55 p 1 v False
DEBUG match node pattern b 55 p 2 v False
DEBUG match node pattern b 55 p 3 v False
DEBUG match node pattern b 55 p 4 v False
DEBUG match node pattern b 55 p 5 v False
DEBUG match node pattern b 55 p 6 v False
DEBUG match node pattern b 55 p 7 v False
DEBUG match node pattern b 55 p 8 v False
DEBUG match node pattern b 55 p 9 v False
DEBUG match node pattern b 55 p 10 v False
DEBUG match node pattern b 55 p 11 v False
DEBUG match node pattern b 55 p 12 v False
DEBUG match node pattern b 55 p 13 v False
DEBUG match node pattern b 55 p 14 v False
DEBUG match node pattern b 55 p 15 v False
DEBUG match node pattern b 55 p 16 v False
DEBUG match node pattern b 55 p 17 v False
DEBUG match node pattern b 55 p 18 v False
DEBUG match node pattern b 55 p 19 v False
DEBUG match node pattern b 55 p 20 v False
DEBUG match node pattern b 55 p 21 v False
DEBUG match node pattern b 55 p 22 v False
DEBUG match node pattern b 55 p 23 v False
DEBUG match node pattern b 55 p 24 v False
DEBUG match node pattern b 55 p 25 v False
DEBUG match node pattern b 55 p 26 v False
DEBUG match node pattern b 55 p 28 v False
DEBUG match node pattern b 55 p 29 v False
DEBUG match node pattern b 55 p 30 v False
DEBUG match node pattern b 55 p 31 v False
DEBUG match node pattern b 55 p 32 v False
DEBUG match node pattern b 55 p 34 v False
DEBUG match node pattern b 55 p 35 v False
DEBUG match node pattern b 55 p 36 v False
DEBUG match node pattern b 55 p 37 v False
DEBUG match node pattern b 55 p 39 v False
DEBUG match node pattern b 55 p 40 v False
DEBUG match node pattern b 55 p 41 v False
DEBUG match node pattern b 55 p 42 v False
DEBUG match node pattern b 55 p 45 v False
DEBUG match node pattern b 55 p 46 v False
DEBUG match node pattern b 55 p 48 v False
DEBUG match node pattern b 55 p 49 v False
DEBUG match node pattern b 55 p 50 v False
DEBUG match node pattern b 55 p 54 v False
DEBUG match node pattern b 55 p 55 v False
DEBUG match node pattern b 181 p 181 v False
DEBUG miss count 0.0  match count 2.0
DEBUG match a pattern
27
DEBUG match node pattern b 5 p 0 v False
DEBUG match node pattern b 70 p 241 v False
DEBUG match node pattern b 12 p 8 v False
DEBUG match node pattern b 70 p 1 v False
DEBUG match node pattern b 1 p 14 v False
DEBUG match node pattern b 240 p 201 v False
DEBUG match node pattern b 159 p 6 v False
DEBUG match node pattern b 250 p 41 v False
DEBUG match node pattern b 9 p 5 v False
DEBUG match node pattern b 75 p 70 v False
DEBUG match node pattern b 9 p 4 v False
DEBUG match node pattern b 72 p 104 v False
DEBUG match node pattern b 29 p 0 v False
DEBUG match node pattern b 96 p 240 v False
DEBUG match node pattern b 9 p 134 v False
DEBUG match node pattern b 75 p 128 v False
DEBUG match node pattern b 0 p 64 v False
DEBUG match node pattern b 33 p 246 v False
DEBUG match node pattern b 28 p 255 v False
DEBUG match node pattern b 96 p 112 v False
DEBUG match node pattern b 6 p 129 v False
DEBUG match node pattern b 240 p 66 v False
DEBUG match node pattern b 45 p 3 v False
DEBUG match node pattern b 253 p 208 v False
DEBUG match node pattern b 2 p 0 v False
DEBUG match node pattern b 35 p 41 v False
DEBUG match node pattern b 0 p 64 v False
DEBUG match node pattern b 147 p 240 v False
DEBUG match node pattern b 7 p 171 v False
DEBUG match node pattern b 73 p 128 v False
DEBUG miss count 30.0  match count 30.0
DEBUG match node pattern b 5 p 1 v False
DEBUG miss count 1.0  match count 1.0
DEBUG match node pattern b 5 p 2 v False
DEBUG miss count 1.0  match count 1.0
DEBUG match node pattern b 5 p 3 v False
DEBUG miss count 1.0  match count 1.0
DEBUG match node pattern b 5 p 4 v False
DEBUG miss count 1.0  match count 1.0
DEBUG match node pattern b 5 p 5 v False
DEBUG match node pattern b 70 p 70 v False
DEBUG miss count 0.0  match count 2.0
DEBUG match a pattern
6
DEBUG match node pattern b 12 p 0 v False
DEBUG match node pattern b 70 p 36 v False
DEBUG match node pattern b 1 p 0 v False
DEBUG match node pattern b 240 p 35 v False
DEBUG match node pattern b 159 p 1 v False
DEBUG match node pattern b 250 p 34 v False
DEBUG match node pattern b 9 p 13 v False
DEBUG match node pattern b 75 p 241 v False
DEBUG match node pattern b 9 p 7 v False
DEBUG match node pattern b 72 p 1 v False
DEBUG match node pattern b 29 p 40 v False
DEBUG match node pattern b 96 p 70 v False
DEBUG match node pattern b 9 p 0 v True
DEBUG match node pattern b 75 p 0 v True
DEBUG match node pattern b 0 p 0 v True
DEBUG match node pattern b 33 p 0 v True
DEBUG match node pattern b 28 p 0 v False
DEBUG match node pattern b 96 p 40 v False
DEBUG match node pattern b 6 p 16 v False
DEBUG match node pattern b 240 p 221 v False
DEBUG match node pattern b 45 p 157 v False
DEBUG match node pattern b 253 p 248 v False
DEBUG match node pattern b 2 p 7 v False
DEBUG match node pattern b 35 p 48 v False
DEBUG match node pattern b 0 p 10 v False
DEBUG match node pattern b 147 p 43 v False
DEBUG match node pattern b 7 p 6 v False
DEBUG match node pattern b 73 p 208 v False
DEBUG miss count 24.0  match count 28.0
DEBUG match node pattern b 12 p 1 v False
DEBUG match node pattern b 70 p 171 v False
DEBUG match node pattern b 1 p 1 v False
DEBUG match node pattern b 240 p 34 v False
DEBUG match node pattern b 159 p 64 v False
DEBUG match node pattern b 250 p 33 v False
DEBUG match node pattern b 9 p 0 v True
DEBUG match node pattern b 75 p 0 v True
DEBUG match node pattern b 9 p 0 v True
DEBUG match node pattern b 72 p 0 v True
DEBUG match node pattern b 29 p 1 v False
DEBUG match node pattern b 96 p 171 v False
DEBUG match node pattern b 9 p 1 v False
DEBUG match node pattern b 75 p 34 v False
DEBUG match node pattern b 0 p 65 v False
DEBUG match node pattern b 33 p 33 v False
DEBUG match node pattern b 28 p 40 v False
DEBUG match node pattern b 96 p 70 v False
DEBUG match node pattern b 6 p 157 v False
DEBUG match node pattern b 240 p 248 v False
DEBUG match node pattern b 45 p 4 v False
DEBUG match node pattern b 253 p 64 v False
DEBUG match node pattern b 2 p 0 v True
DEBUG match node pattern b 35 p 0 v True
DEBUG match node pattern b 0 p 0 v True
DEBUG match node pattern b 147 p 0 v True
DEBUG match node pattern b 7 p 1 v False
DEBUG match node pattern b 73 p 152 v False
DEBUG miss count 18.0  match count 28.0
DEBUG match node pattern b 12 p 8 v False
DEBUG match node pattern b 70 p 185 v False
DEBUG match node pattern b 1 p 48 v False
DEBUG match node pattern b 240 p 72 v False
DEBUG match node pattern b 159 p 2 v False
DEBUG match node pattern b 250 p 224 v False
DEBUG match node pattern b 9 p 68 v False
DEBUG match node pattern b 75 p 106 v False
DEBUG match node pattern b 9 p 52 v False
DEBUG match node pattern b 72 p 185 v False
DEBUG match node pattern b 29 p 47 v False
DEBUG match node pattern b 96 p 72 v False
DEBUG match node pattern b 9 p 0 v True
DEBUG match node pattern b 75 p 0 v True
DEBUG match node pattern b 0 p 0 v True
DEBUG match node pattern b 33 p 0 v True
DEBUG match node pattern b 28 p 46 v False
DEBUG match node pattern b 96 p 72 v False
DEBUG match node pattern b 6 p 0 v True
DEBUG match node pattern b 240 p 0 v True
DEBUG match node pattern b 45 p 0 v True
DEBUG match node pattern b 253 p 0 v True
DEBUG match node pattern b 2 p 82 v False
DEBUG match node pattern b 35 p 224 v False
DEBUG match node pattern b 0 p 163 v False
DEBUG match node pattern b 147 p 107 v False
DEBUG match node pattern b 7 p 88 v False
DEBUG match node pattern b 73 p 28 v False
DEBUG miss count 20.0  match count 28.0
DEBUG match node pattern b 12 p 12 v False
DEBUG miss count 0.0  match count 1.0
DEBUG match a pattern
2
DEBUG match node pattern b 70 p 70 v False
DEBUG miss count 0.0  match count 1.0
DEBUG match a pattern
2
DEBUG match node pattern b 1 p 17 v False
DEBUG match node pattern b 240 p 185 v False
DEBUG match node pattern b 159 p 111 v False
DEBUG match node pattern b 250 p 240 v False
DEBUG match node pattern b 9 p 44 v False
DEBUG match node pattern b 75 p 0 v False
DEBUG match node pattern b 9 p 75 v False
DEBUG match node pattern b 72 p 224 v False
DEBUG match node pattern b 29 p 18 v False
DEBUG match node pattern b 96 p 185 v False
DEBUG match node pattern b 9 p 27 v False
DEBUG match node pattern b 75 p 104 v False
DEBUG match node pattern b 0 p 38 v False
DEBUG match node pattern b 33 p 74 v False
DEBUG match node pattern b 28 p 60 v False
DEBUG match node pattern b 96 p 224 v False
DEBUG match node pattern b 6 p 1 v False
DEBUG match node pattern b 240 p 42 v False
DEBUG match node pattern b 45 p 2 v False
DEBUG match node pattern b 253 p 209 v False
DEBUG match node pattern b 2 p 179 v False
DEBUG match node pattern b 35 p 249 v False
DEBUG match node pattern b 0 p 0 v False
DEBUG match node pattern b 147 p 48 v False
DEBUG match node pattern b 7 p 3 v False
DEBUG match node pattern b 73 p 224 v False
DEBUG miss count 25.0  match count 26.0
DEBUG match node pattern b 1 p 0 v True
DEBUG match node pattern b 240 p 0 v True
DEBUG match node pattern b 159 p 0 v True
DEBUG match node pattern b 250 p 0 v True
DEBUG miss count 0.0  match count 4.0
DEBUG match a pattern
2
DEBUG match node pattern b 9 p 9 v False
DEBUG match node pattern b 75 p 75 v False
DEBUG match node pattern b 9 p 9 v False
DEBUG match node pattern b 72 p 72 v False
DEBUG match node pattern b 29 p 29 v False
DEBUG match node pattern b 96 p 96 v False
DEBUG match node pattern b 9 p 9 v False
DEBUG match node pattern b 75 p 75 v False
DEBUG match node pattern b 0 p 0 v False
DEBUG match node pattern b 33 p 33 v False
DEBUG match node pattern b 28 p 28 v False
DEBUG match node pattern b 96 p 96 v False
DEBUG match node pattern b 6 p 0 v True
DEBUG match node pattern b 240 p 0 v True
DEBUG match node pattern b 45 p 0 v True
DEBUG match node pattern b 253 p 0 v True
DEBUG match node pattern b 2 p 2 v False
DEBUG match node pattern b 35 p 35 v False
DEBUG match node pattern b 0 p 0 v False
DEBUG match node pattern b 147 p 147 v False
DEBUG match node pattern b 7 p 0 v False
DEBUG match node pattern b 73 p 34 v False
DEBUG miss count 2.0  match count 22.0
DEBUG match a pattern
(True, ['0001:tcpip_init\r\n'])
